  1 ,  16.67 , 98.0 ,   0.5 , 0.1 ,   0.1 ,  0.167   
  2 ,  23.33 , 98.2 ,   0.8 ,  0.133 , 0.148 , 0.229   
  3 ,   6.67 , 96.9 ,  0.105 , 0.067 , 0.044 , 0.082   
  4 ,  13.33 , 98.2 ,   1.0 ,  0.133 , 0.154 , 0.235   
  5 ,   0.0 ,  98.0 ,   nan , 0.0 ,   0.0 ,   nan , 
  6 ,   6.67 , 98.1 ,   1.0 ,  0.067 , 0.071 , 0.125   
  7 ,   0.0 ,  98.0 ,   nan , 0.0 ,   0.0 ,   nan , 
  8 ,  13.33 , 97.6 ,  0.222 , 0.067 , 0.057 , 0.103   
  9 ,  16.67 , 98.0 ,  0.667 , 0.067 , 0.069 , 0.121   
  10 ,  0.0 ,  98.0 ,   nan , 0.0 ,   0.0 ,   nan , 
  11 , 16.67 , 97.9 ,   0.0 , 0.0 ,   0.0 ,   nan , 
  12 ,  3.33 , 97.3 ,  0.091 , 0.033 , 0.026 , 0.049   
  13 ,  0.0 ,  98.0 ,   nan , 0.0 ,   0.0 ,   nan , 
  14 ,  0.0 ,  98.0 ,   nan , 0.0 ,   0.0 ,   nan , 
  15 , 13.33 , 98.0 ,   0.6 , 0.1 ,  0.103 , 0.171   
  16 ,  60.0 , 97.7 ,   0.25 , 0.067 , 0.059 , 0.105   
  17 ,  60.0 , 98.0 ,   0.5 ,  0.233 , 0.233 , 0.318   
  18 , 43.33 , 98.6 ,  0.909 , 0.333 , 0.476 , 0.488   
  19 , 33.33 , 98.0 ,  0.538 , 0.233 , 0.241 , 0.326   
  20 , 43.33 , 98.0 ,  0.571 , 0.133 , 0.138 , 0.216   
  21 , 26.67 , 98.3 ,  0.857 ,  0.2 ,   0.24 , 0.324   
  22 , 16.67 , 98.1 ,   1.0 ,  0.067 , 0.071 , 0.125   
  23 ,  20.0 , 97.7 ,  0.357 , 0.167 , 0.147 , 0.227   
  24 ,  0.0 ,  98.0 ,   nan , 0.0 ,   0.0 ,   nan , 
  25 , 13.33 , 97.9 ,  0.429 ,  0.1 ,  0.097 , 0.162   
  26 ,  3.33 , 97.9 ,  0.333 , 0.033 , 0.032 , 0.061   
  27 ,  10.0 , 98.0 ,  0.667 , 0.067 , 0.069 , 0.121   
  28 ,  10.0 , 98.0 ,   1.0 ,  0.033 , 0.034 , 0.065   
  29 ,  20.0 , 98.0 ,   1.0 ,  0.033 , 0.034 , 0.065   
  30 , 26.67 , 98.0 ,   1.0 ,  0.033 , 0.034 , 0.065   
  31 ,  3.33 , 98.0 ,   nan , 0.0 ,   0.0 ,   nan , 
  32 , 16.67 , 98.2 ,   1.0 ,  0.133 , 0.154 , 0.235   
  33 ,  3.33 , 97.8 ,   0.2 ,  0.033 ,  0.03 , 0.057   
  34 ,  20.0 , 96.1 ,  0.132 , 0.167 , 0.086 , 0.147   
  35 , 26.67 , 98.2 ,   1.0 , 0.1 ,  0.111 , 0.182   
  36 , 13.33 , 97.9 ,  0.429 ,  0.1 ,  0.097 , 0.162   
  37 , 43.33 , 98.2 ,  0.667 ,  0.2 ,  0.222 , 0.308   
  38 , 33.33 , 98.4 ,   1.0 ,  0.233 , 0.304 , 0.378   
  39 ,  0.0 ,  97.9 ,   0.0 , 0.0 ,   0.0 ,   nan , 
  40 ,  6.67 , 98.1 ,   1.0 ,  0.067 , 0.071 , 0.125   
  41 ,  10.0 , 98.0 ,   nan , 0.0 ,   0.0 ,   nan , 
  42 ,  3.33 , 98.0 ,   1.0 ,  0.033 , 0.034 , 0.065   
  43 , 46.67 , 90.1 ,  0.047 ,  0.2 ,  0.041 , 0.076   
  44 ,  40.0 , 98.1 ,   0.55 , 0.367 , 0.393 ,  0.44   
  45 ,  3.33 , 98.0 ,   1.0 ,  0.033 , 0.034 , 0.065   
  46 ,  0.0 ,  97.8 ,   0.0 , 0.0 ,   0.0 ,   nan , 
  47 , 36.67 , 98.7 ,   1.0 ,  0.367 , 0.579 , 0.537   
  48 , 13.33 , 98.1 ,   1.0 ,  0.067 , 0.071 , 0.125   
  49 , 13.33 , 98.0 ,   0.5 ,  0.033 , 0.033 , 0.062   
