Performance criteria
--------------------
+------+-------------+-------------+-----------+--------+-------------+----------+
| Node | Presence(%) | Accuracy(%) | Precision | Recall | Specificity | F1 Score |
+------+-------------+-------------+-----------+--------+-------------+----------+
|  1   |     0.0     |     98.0    |    nan    |  0.0   |     0.0     |   nan    |
|  2   |    11.11    |     98.0    |    nan    |  0.0   |     0.0     |   nan    |
|  3   |    11.11    |     96.8    |   0.143   | 0.111  |    0.071    |  0.125   |
|  4   |    33.33    |     98.6    |    1.0    | 0.333  |     0.5     |   0.5    |
|  5   |     0.0     |     98.0    |    nan    |  0.0   |     0.0     |   nan    |
|  6   |     0.0     |     98.0    |    nan    |  0.0   |     0.0     |   nan    |
|  7   |     0.0     |     98.0    |    nan    |  0.0   |     0.0     |   nan    |
|  8   |     0.0     |     98.0    |    nan    |  0.0   |     0.0     |   nan    |
|  9   |     0.0     |     98.0    |    nan    |  0.0   |     0.0     |   nan    |
|  10  |     0.0     |     98.0    |    nan    |  0.0   |     0.0     |   nan    |
|  11  |    11.11    |     98.0    |    nan    |  0.0   |     0.0     |   nan    |
|  12  |     0.0     |     97.7    |    0.0    |  0.0   |     0.0     |   nan    |
|  13  |     0.0     |     98.0    |    nan    |  0.0   |     0.0     |   nan    |
|  14  |     0.0     |     98.0    |    nan    |  0.0   |     0.0     |   nan    |
|  15  |    11.11    |     98.2    |    1.0    | 0.111  |    0.125    |   0.2    |
|  16  |    77.78    |     97.7    |    0.0    |  0.0   |     0.0     |   nan    |
|  17  |    44.44    |     98.4    |    0.75   | 0.333  |    0.429    |  0.462   |
|  18  |    66.67    |     99.3    |    1.0    | 0.667  |     2.0     |   0.8    |
|  19  |    44.44    |     98.6    |    0.8    | 0.444  |    0.667    |  0.571   |
|  20  |    66.67    |     98.4    |    1.0    | 0.222  |    0.286    |  0.364   |
|  21  |    22.22    |     98.2    |    1.0    | 0.111  |    0.125    |   0.2    |
|  22  |    22.22    |     98.4    |    1.0    | 0.222  |    0.286    |  0.364   |
|  23  |    44.44    |     98.6    |    1.0    | 0.333  |     0.5     |   0.5    |
|  24  |     0.0     |     98.0    |    nan    |  0.0   |     0.0     |   nan    |
|  25  |    11.11    |     98.2    |    1.0    | 0.111  |    0.125    |   0.2    |
|  26  |     0.0     |     97.5    |    0.0    |  0.0   |     0.0     |   nan    |
|  27  |    11.11    |     98.0    |    0.5    | 0.111  |    0.111    |  0.182   |
|  28  |     0.0     |     98.0    |    nan    |  0.0   |     0.0     |   nan    |
|  29  |    11.11    |     98.0    |    nan    |  0.0   |     0.0     |   nan    |
|  30  |    11.11    |     98.0    |    nan    |  0.0   |     0.0     |   nan    |
|  31  |     0.0     |     98.0    |    nan    |  0.0   |     0.0     |   nan    |
|  32  |     0.0     |     98.0    |    nan    |  0.0   |     0.0     |   nan    |
|  33  |     0.0     |     97.7    |    0.0    |  0.0   |     0.0     |   nan    |
|  34  |     0.0     |     95.7    |    0.0    |  0.0   |     0.0     |   nan    |
|  35  |    22.22    |     98.0    |    nan    |  0.0   |     0.0     |   nan    |
|  36  |    33.33    |     98.4    |    0.75   | 0.333  |    0.429    |  0.462   |
|  37  |    55.56    |     98.6    |    1.0    | 0.333  |     0.5     |   0.5    |
|  38  |    33.33    |     98.6    |    1.0    | 0.333  |     0.5     |   0.5    |
|  39  |     0.0     |     97.5    |    0.0    |  0.0   |     0.0     |   nan    |
|  40  |     0.0     |     98.0    |    nan    |  0.0   |     0.0     |   nan    |
|  41  |    33.33    |     98.0    |    nan    |  0.0   |     0.0     |   nan    |
|  42  |     0.0     |     98.0    |    nan    |  0.0   |     0.0     |   nan    |
|  43  |    22.22    |     85.9    |   0.035   | 0.222  |    0.032    |  0.061   |
|  44  |    33.33    |     97.7    |    0.4    | 0.222  |     0.2     |  0.286   |
|  45  |     0.0     |     98.0    |    nan    |  0.0   |     0.0     |   nan    |
|  46  |     0.0     |     98.0    |    nan    |  0.0   |     0.0     |   nan    |
|  47  |    77.78    |     99.5    |    1.0    | 0.778  |     3.5     |  0.875   |
|  48  |     0.0     |     98.0    |    nan    |  0.0   |     0.0     |   nan    |
|  49  |    11.11    |     98.0    |    nan    |  0.0   |     0.0     |   nan    |
+------+-------------+-------------+-----------+--------+-------------+----------+


Confusion Matrix
----------------
[[0 0 0 0 0 0 0 0 0 0 0 0 0 0 0 0 0 0 0 0 0 0 0 0 0 0 0 0 0 0 0 0 0 0 0 0 0
  0 0 0 0 0 2 0 0 0 0 0 0 7]
 [0 0 0 0 0 0 0 0 0 0 0 0 0 0 0 0 0 0 0 0 0 0 0 0 0 0 0 0 0 0 0 0 0 1 0 0 0
  0 0 0 0 0 0 0 0 0 0 0 0 8]
 [0 0 1 0 0 0 0 0 0 0 0 0 0 0 0 0 0 0 0 0 0 0 0 0 0 0 0 0 0 0 0 0 0 0 0 0 0
  0 0 0 0 0 0 0 0 0 0 0 0 8]
 [0 0 0 3 0 0 0 0 0 0 0 0 0 0 0 0 0 0 0 0 0 0 0 0 0 0 0 0 0 0 0 0 0 0 0 0 0
  0 0 0 0 0 0 0 0 0 0 0 0 6]
 [0 0 0 0 0 0 0 0 0 0 0 0 0 0 0 0 1 0 0 0 0 0 0 0 0 1 0 0 0 0 0 0 0 0 0 0 0
  0 0 0 0 0 0 0 0 0 0 0 0 7]
 [0 0 0 0 0 0 0 0 0 0 0 0 0 0 0 0 0 0 0 0 0 0 0 0 0 0 0 0 0 0 0 0 0 0 0 0 0
  0 0 0 0 0 3 0 0 0 0 0 0 6]
 [0 0 0 0 0 0 0 0 0 0 0 0 0 0 0 0 0 0 1 0 0 0 0 0 0 0 0 0 0 0 0 0 0 0 0 0 0
  0 0 0 0 0 1 0 0 0 0 0 0 7]
 [0 0 1 0 0 0 0 0 0 0 0 0 0 0 0 0 0 0 0 0 0 0 0 0 0 0 0 0 0 0 0 0 0 0 0 0 0
  0 0 0 0 0 1 0 0 0 0 0 0 7]
 [0 0 1 0 0 0 0 0 0 0 0 0 0 0 0 0 0 0 0 0 0 0 0 0 0 0 0 0 0 0 0 0 0 0 0 0 0
  0 0 0 0 0 1 0 0 0 0 0 0 7]
 [0 0 0 0 0 0 0 0 0 0 0 0 0 0 0 0 0 0 0 0 0 0 0 0 0 0 0 0 0 0 0 0 0 0 0 0 0
  0 0 0 0 0 3 0 0 0 0 0 0 6]
 [0 0 1 0 0 0 0 0 0 0 0 0 0 0 0 0 0 0 0 0 0 0 0 0 0 0 0 0 0 0 0 0 0 0 0 0 0
  0 0 0 0 0 1 0 0 0 0 0 0 7]
 [0 0 0 0 0 0 0 0 0 0 0 0 0 0 0 0 0 0 0 0 0 0 0 0 0 0 0 0 0 0 0 0 0 0 0 0 0
  0 1 0 0 0 2 0 0 0 0 0 0 6]
 [0 0 0 0 0 0 0 0 0 0 0 0 0 0 0 0 0 0 0 0 0 0 0 0 0 0 0 0 0 0 0 0 0 0 0 0 0
  0 0 0 0 0 2 1 0 0 0 0 0 6]
 [0 0 1 0 0 0 0 0 0 0 0 0 0 0 0 0 0 0 0 0 0 0 0 0 0 0 0 0 0 0 0 0 0 1 0 0 0
  0 0 0 0 0 2 0 0 0 0 0 0 5]
 [0 0 1 0 0 0 0 0 0 0 0 0 0 0 1 0 0 0 0 0 0 0 0 0 0 0 0 0 0 0 0 0 0 0 0 0 0
  0 0 0 0 0 2 0 0 0 0 0 0 5]
 [0 0 0 0 0 0 0 0 0 0 0 0 0 0 0 0 0 0 0 0 0 0 0 0 0 0 0 0 0 0 0 0 0 0 0 0 0
  0 0 0 0 0 1 0 0 0 0 0 0 8]
 [0 0 0 0 0 0 0 0 0 0 0 0 0 0 0 0 3 0 0 0 0 0 0 0 0 0 0 0 0 0 0 0 0 1 0 0 0
  0 0 0 0 0 0 0 0 0 0 0 0 5]
 [0 0 0 0 0 0 0 0 0 0 0 0 0 0 0 0 0 6 0 0 0 0 0 0 0 0 0 0 0 0 0 0 0 0 0 0 0
  0 0 0 0 0 0 0 0 0 0 0 0 3]
 [0 0 0 0 0 0 0 0 0 0 0 0 0 0 0 0 0 0 4 0 0 0 0 0 0 0 0 0 0 0 0 0 0 0 0 0 0
  0 0 0 0 0 0 0 0 0 0 0 0 5]
 [0 0 0 0 0 0 0 0 0 0 0 1 0 0 0 1 0 0 0 2 0 0 0 0 0 0 0 0 0 0 0 0 0 2 0 0 0
  0 0 0 0 0 2 0 0 0 0 0 0 1]
 [0 0 0 0 0 0 0 0 0 0 0 0 0 0 0 0 0 0 0 0 1 0 0 0 0 0 0 0 0 0 0 0 1 1 0 0 0
  0 0 0 0 0 3 0 0 0 0 0 0 3]
 [0 0 0 0 0 0 0 0 0 0 0 0 0 0 0 0 0 0 0 0 0 2 0 0 0 0 0 0 0 0 0 0 0 0 0 0 0
  0 0 0 0 0 1 0 0 0 0 0 0 6]
 [0 0 0 0 0 0 0 0 0 0 0 0 0 0 0 0 0 0 0 0 0 0 3 0 0 0 0 0 0 0 0 0 0 0 0 0 0
  0 0 0 0 0 4 0 0 0 0 0 0 2]
 [0 0 0 0 0 0 0 0 0 0 0 0 0 0 0 0 0 0 0 0 0 0 0 0 0 0 0 0 0 0 0 0 0 0 0 0 0
  0 0 0 0 0 0 0 0 0 0 0 0 9]
 [0 0 0 0 0 0 0 0 0 0 0 0 0 0 0 0 0 0 0 0 0 0 0 0 1 1 0 0 0 0 0 0 0 1 0 0 0
  0 0 0 0 0 3 0 0 0 0 0 0 3]
 [0 0 0 0 0 0 0 0 0 0 0 0 0 0 0 0 0 0 0 0 0 0 0 0 0 0 0 0 0 0 0 0 0 2 0 0 0
  0 0 0 0 0 4 0 0 0 0 0 0 3]
 [0 0 0 0 0 0 0 0 0 0 0 0 0 0 0 0 0 0 0 0 0 0 0 0 0 0 1 0 0 0 0 0 0 0 0 0 0
  0 0 0 0 0 4 0 0 0 0 0 0 4]
 [0 0 0 0 0 0 0 0 0 0 0 0 0 0 0 0 0 0 0 0 0 0 0 0 0 0 0 0 0 0 0 0 0 0 0 0 0
  0 0 0 0 0 0 0 0 0 0 0 0 9]
 [0 0 0 0 0 0 0 0 0 0 0 0 0 0 0 0 0 0 0 0 0 0 0 0 0 0 0 0 0 0 0 0 0 0 0 0 0
  0 0 0 0 0 0 0 0 0 0 0 0 9]
 [0 0 0 0 0 0 0 0 0 0 0 0 0 0 0 0 0 0 0 0 0 0 0 0 0 0 0 0 0 0 0 0 0 0 0 0 0
  0 0 0 0 0 0 0 0 0 0 0 0 9]
 [0 0 0 0 0 0 0 0 0 0 0 0 0 0 0 0 0 0 0 0 0 0 0 0 0 0 0 0 0 0 0 0 0 0 0 0 0
  0 1 0 0 0 2 0 0 0 0 0 0 6]
 [0 0 0 0 0 0 0 0 0 0 0 0 0 0 0 0 0 0 0 0 0 0 0 0 0 0 0 0 0 0 0 0 0 0 0 0 0
  0 0 0 0 0 2 0 0 0 0 0 0 7]
 [0 0 0 0 0 0 0 0 0 0 0 0 0 0 0 0 0 0 0 0 0 0 0 0 0 0 0 0 0 0 0 0 0 1 0 0 0
  0 0 0 0 0 0 1 0 0 0 0 0 7]
 [0 0 0 0 0 0 0 0 0 0 0 0 0 0 0 0 0 0 0 0 0 0 0 0 0 0 0 0 0 0 0 0 0 0 0 0 0
  0 0 0 0 0 2 0 0 0 0 0 0 7]
 [0 0 0 0 0 0 0 0 0 0 0 0 0 0 0 0 0 0 0 0 0 0 0 0 0 0 0 0 0 0 0 0 0 0 0 0 0
  0 0 0 0 0 1 1 0 0 0 0 0 7]
 [0 0 0 0 0 0 0 0 0 0 0 0 0 0 0 0 0 0 0 0 0 0 0 0 0 0 0 0 0 0 0 0 0 0 0 3 0
  0 0 0 0 0 2 0 0 0 0 0 0 4]
 [0 0 0 0 0 0 0 0 0 0 0 0 0 0 0 0 0 0 0 0 0 0 0 0 0 0 0 0 0 0 0 0 0 0 0 0 3
  0 0 0 0 0 0 0 0 0 0 0 0 6]
 [0 0 0 0 0 0 0 0 0 0 0 0 0 0 0 0 0 0 0 0 0 0 0 0 0 0 0 0 0 0 0 0 0 0 0 1 0
  3 0 0 0 0 0 0 0 0 0 0 0 5]
 [0 0 0 0 0 0 0 0 0 0 0 0 0 0 0 0 0 0 0 0 0 0 0 0 0 0 0 0 0 0 0 0 0 0 0 0 0
  0 0 0 0 0 0 0 0 0 0 0 0 9]
 [0 0 0 0 0 0 0 0 0 0 0 0 0 0 0 0 0 0 0 0 0 0 0 0 0 0 0 0 0 0 0 0 0 0 0 0 0
  0 0 0 0 0 1 0 0 0 0 0 0 8]
 [0 0 0 0 0 0 0 0 0 0 0 0 0 0 0 0 0 0 0 0 0 0 0 0 0 0 0 0 0 0 0 0 0 0 0 0 0
  0 0 0 0 0 0 0 0 0 0 0 0 9]
 [0 0 0 0 0 0 0 0 0 0 0 0 0 0 0 0 0 0 0 0 0 0 0 0 0 0 0 0 0 0 0 0 0 0 0 0 0
  0 0 0 0 0 0 0 0 0 0 0 0 9]
 [0 0 0 0 0 0 0 0 0 0 0 0 0 0 0 0 0 0 0 0 0 0 0 0 0 0 0 0 0 0 0 0 0 0 0 0 0
  0 0 0 0 0 2 0 0 0 0 0 0 7]
 [0 0 0 0 0 0 0 0 0 0 0 0 0 0 0 0 0 0 0 0 0 0 0 0 0 0 0 0 0 0 0 0 0 0 0 0 0
  0 0 0 0 0 0 2 0 0 0 0 0 7]
 [0 0 0 0 0 0 0 0 0 0 0 0 0 0 0 0 0 0 0 0 0 0 0 0 0 0 0 0 0 0 0 0 0 0 0 0 0
  0 0 0 0 0 0 0 0 0 0 0 0 9]
 [0 0 0 0 0 0 0 0 0 0 0 0 0 0 0 0 0 0 0 0 0 0 0 0 0 0 0 0 0 0 0 0 0 0 0 0 0
  0 0 0 0 0 0 0 0 0 0 0 0 9]
 [0 0 0 0 0 0 0 0 0 0 0 0 0 0 0 0 0 0 0 0 0 0 0 0 0 0 1 0 0 0 0 0 0 0 0 0 0
  0 0 0 0 0 0 0 0 0 7 0 0 1]
 [0 0 1 0 0 0 0 0 0 0 0 0 0 0 0 0 0 0 0 0 0 0 0 0 0 0 0 0 0 0 0 0 0 0 0 0 0
  0 0 0 0 0 3 0 0 0 0 0 0 5]
 [0 0 0 0 0 0 0 0 0 0 0 0 0 0 0 0 0 0 0 0 0 0 0 0 0 0 0 0 0 0 0 0 0 0 0 0 0
  0 0 0 0 0 0 0 0 0 0 0 0 9]
 [0 0 0 0 0 0 0 0 0 0 0 0 0 0 0 0 0 0 0 0 0 0 0 0 0 0 0 0 0 0 0 0 0 0 0 0 0
  0 0 0 0 0 0 0 0 0 0 0 0 0]]

